DataName,StartPos,Length
SPPCS,0 ,16,
SSA,16 ,15,
XPMET,31 ,1,
XRMET,32 ,1,
XNMET,33 ,1,
XDMET,34 ,1,
X2MET,35 ,1,
XLOMET,36 ,1,
TRNR,37 ,1,
TRNL,38 ,1,
AUTOECUFAIL,39 ,1,
AUTOSYSFAIL,40 ,1,
AUTOECUSTOP,41 ,1,
SYSSTAT,42 ,4,
XDRIVERSTRHOLD,46 ,1,
AUT04VAC1,47 ,9,
AUT04SUM,56 ,8,
